-5.781601
-0.07496202
8.016079
-1.098915
-4.573497
1.670606
-3.434108
-3.158664
-0.9148042
-0.7060418
-0.628179
1.865721
0.3073474
-0.642174
-0.4475852
-0.426484
5.979935
0.6233015
-1.67468
4.082722
-1.52931
0.9504284
0.6801921
-3.926675
-0.819644
-5.416774
1.225337
1.689266
-0.4194001
-0.53333
-2.970163
-2.747662
6.6613
-4.418126
-1.559147
0.352097
0.8602978
-4.090051
-1.854393
4.840132
-1.775743
6.391232
-5.383115
-0.9111763
-5.796809
2.432456
2.13526
0.3809388
7.558353
-4.117874
-2.300822
2.996497
-0.71381
3.400203
3.789128
3.809171
-0.7203706
2.680578
2.451322
2.53192
-4.286342
1.433514
-9.455362
-3.304969
4.144857
-1.785156
-2.301854
0.563282
-6.547583
-9.381224
5.823612
-1.995068
-3.268908
4.442316
-1.498549
-3.167114
5.23032
0.9175543
2.029859
-0.04645155
2.290441
-2.796926
6.935754
3.559525
3.759679
0.8700123
1.119367
-5.529087
-0.449576
4.870411
4.832822
-1.115771
-4.125935
2.131852
4.546482
8.153653
5.693348
1.462964
2.572978
-3.902096
-0.7167318
-0.9438292
-2.053717
0.9144158
9.984716
2.13278
-4.569264
-1.132311
-3.960087
8.116014
4.138102
0.04346082
-2.243737
3.27034
-4.734395
2.690725
-4.806778
0.4670383
7.082622
-6.77681
3.603817
-5.010053
-5.031511
-0.7245235
1.074629
-3.566329
3.320651
5.388188
3.092795
0.8449568
-5.568835
-0.185595
3.457001
-0.8937325
0.9427496
4.678273
6.635419
7.262025
2.318686
5.056338
0.4658549
6.467641
0.8833467
-2.238441
4.105924
0.09587517
1.311202
-3.819141
-0.1432927
1.946652
-5.668268
0.3361897
-0.1315949
-0.212158
8.275405
9.770577
-0.2706223
7.077052
-0.292666
6.742457
7.771067
3.139348
2.039746
-5.449137
4.573381
-1.706162
-0.1675476
-2.153481
7.571604
-2.348944
4.852291
2.242651
3.548991
-1.471716
4.095197
5.579599
0.1480216
0.3610671
-0.5659887
-3.621369
-2.845527
2.396797
-3.461827
-2.509658
1.170667
-2.734289
3.883589
5.49834
2.884605
1.117886
10.45812
-2.116625
4.270957
3.397809
-3.199213
-4.692014
5.843387
-3.050014
3.163348
-3.965723
-4.425008
-3.594423
6.057774
4.759621
0.424311
4.299622
-0.8781629
0.4715954
4.874813
3.953495
-4.624366
-0.099999
-1.52827
1.483084
2.539307
0.1144036
1.375634
3.737145
3.892631
4.078958
-2.845798
-3.074
-0.8999627
-7.376983
-1.596142
-4.474957
1.029668
1.588903
-1.840977
3.55429
6.551719
1.541604
-1.803066
4.620374
-4.176386
2.754337
-1.593988
2.420448
-7.507983
-0.7202586
1.10419
-1.529906
-5.126711
1.639741
1.830755
6.776508
1.969993
2.720413
0.9631801
-6.416763
8.821175
-2.807602
-4.218157
1.889797
-3.372563
1.12911
2.793323
1.050494
-1.103792
-1.868353
3.049876
2.682957
-2.457986
-3.499783
1.423844
-3.367678
0.201754
-5.856294
0.2005159
0.08410005
3.48517
6.255396
-4.297676
4.519041
1.608363
5.024875
-2.005091
0.5527821
3.634746
-2.68963
-4.420322
-1.194959
-2.881165
-2.090291
-5.622192
8.031058
3.30363
-0.9864385
1.906886
-0.8055847
-3.638206
0.7232986
10.89854
-0.5008351
-2.930648
5.292444
1.841414
3.635328
-3.845142
2.279503
-2.484437
-1.609359
1.480398
-0.8485668
-2.785945
-1.030127
-0.7181237
3.787204
0.2182318
-0.2889293
-1.828393
0.4979135
-4.718412
5.381467
3.76293
7.034932
3.614129
-8.062941
-2.063868
3.108569
0.6981322
2.636897
2.944629
-1.118927
-0.5909632
-2.037754
-4.416014
7.648579
1.205779
5.827887
3.939487
-0.484674
-1.53666
-2.520394
-0.5111307
-4.285898
1.43678
1.268709
-3.632864
-1.242032
2.579766
4.801908
-7.680532
0.516706
8.363913
3.142297
0.3733438
-5.848779
4.224076
0.5361272
2.806967
1.004562
-4.680553
0.3071414
-14.02172
-5.395132
-6.492012
0.08856332
-2.526464
-1.02813
-1.143928
0.826722
4.148158
2.616486
3.574505
-0.9333924
-0.6268009
4.606567
4.554611
-0.8657858
-0.1327188
-0.346771
0.2366648
-1.670677
0.7011707
-4.423208
-2.551748
-1.981115
0.9576805
5.131454
6.146051
-3.23413
-0.09707648
-0.5669489
-0.5602377
-1.216919
2.993755
-5.770831
0.1295632
-2.611069
-0.1807935
4.074267
-2.561955
-4.381067
-0.7398569
-0.08082645
-0.924989
0.4484983
0.4300293
4.483052
2.186972
1.072974
3.782802
-0.02396229
-3.192119
0.4369424
-0.3646426
-0.5082457
5.464006
2.877891
-3.618484
2.873597
2.891608
-2.353576
-6.308415
-1.538518
-2.676527
-6.259011
-3.376715
3.696833
1.216766
2.851659
-3.002433
2.208996
1.967967
5.200293
0.166275
-2.571413
-0.4747824
-0.06049267
1.541733
1.116191
8.706379
-2.813414
3.63219
-1.953209
4.273264
1.452744
-1.475799
6.126492
-1.153303
1.277415
-0.5206049
-6.071427
-3.570709
-3.046223
3.511589
-2.578283
2.61305
-4.74618
-3.781661
-4.55554
-1.627284
-4.016082
2.805741
1.208646
-9.192805
2.571543
-3.270837
3.313576
3.089989
-2.243167
-5.097738
-2.380608
-0.924435
1.816937
3.062196
5.368697
7.277219
-3.856575
1.845907
3.482382
-2.869561
1.707203
-6.590498
-3.515841
-5.298669
-3.892774
-4.13833
0.02935056
-0.1518805
2.379389
-3.918143
-1.988257
-0.019033
-5.569716
-0.2073378
3.935506
0.6977437
-2.998159
1.295092
0.534077
3.22282
-2.058538
-3.853407
4.271705
-1.730992
0.1137355
10.32864
-0.226881
-2.477029
3.506746
-2.842897
-0.1992845
5.787914
-3.792907
0.09611077
-4.271211
-3.187235
-3.979767
0.2926888
-0.6320383
4.66538
-0.04864044
5.151657
-5.023404
-3.470813
5.732115
-0.670893
-0.5779514
6.757296
1.205784
4.255733
0.5042733
3.401561
1.002515
-2.745622
-2.597537
-2.779013
0.7786692
1.857082
1.001565
6.25837
-0.296426
2.67758
-3.713679
-4.116772
1.667951
-1.820335
-1.934799
2.725012
-2.320089
4.450689
-3.685029
-0.9153425
-1.402415
6.04095
0.2131779
-1.581442
-4.741166
0.4386668
-3.561102
1.244685
-1.079352
6.860589
1.571165
7.844412
-3.237144
0.8532231
1.008256
-3.44939
-0.5686717
7.868096
-2.989703
3.598173
1.303188
3.104424
-2.017442
-4.538118
-0.01682116
1.98486
1.226544
0.9316401
-2.305649
4.229214
-5.457382
-3.323357
-7.758072
1.049241
-2.36698
3.104865
1.743097
-1.283706
4.185178
-2.878873
3.890173
2.834814
-6.439993
1.389378
4.035435
7.510729
-1.351223
-0.6849113
4.195372
-0.258344
1.205259
0.1868662
-0.01533478
3.946902
2.617812
1.329732
2.259789
-4.709697
-1.733969
-3.430012
1.064887
1.416818
-5.062793
4.11755
4.116
-2.295585
-2.44644
-0.8406777
2.512136
-4.576201
1.018608
10.66515
3.007501
-1.251392
-4.734122
2.242783
-4.898344
2.226431
0.6371161
-14.20978
-3.412137
-0.183114
1.831426
5.004093
4.087083
0.9122197
0.152955
-4.765127
-2.243497
-0.680866
0.4913459
2.28388
3.878886
-0.5381144
6.746159
5.846127
-4.075051
6.013832
1.465823
-0.2000811
-2.313281
0.5746597
-0.234402
-0.2397384
1.888426
2.997656
-8.312162
-3.865913
-1.109374
0.2476499
-1.626163
2.975513
3.164783
1.993893
-0.9629927
-2.331259
7.233716
1.95954
-3.417368
4.52295
0.8842964
-5.559057
-4.813443
-4.19392
-2.474425
-3.476154
4.078563
-0.8651754
1.062075
-1.925925
-2.593502
-0.6451501
-2.483677
-2.684067
3.059151
-0.7909366
2.62374
-1.749273
-5.856242
2.064956
0.314685
2.689464
-0.5543691
2.685429
-2.054372
-10.06024
-0.419034
1.496253
7.026242
3.383287
-1.349034
-5.343678
-1.499034
-2.455511
7.266672
-8.536281
3.781033
-1.539815
0.4650869
4.723759
-2.927446
0.8953749
5.44428
-4.906652
4.520596
1.804077
-3.848038
8.57616
0.7865704
1.876912
-0.52303
-0.9871305
-2.630792
5.509129
0.4287213
4.559916
3.391744
6.559102
-1.928872
5.141762
-0.2503624
-1.182649
-0.3082318
-2.755342
2.230989
3.218839
1.08894
4.731476
1.070425
1.957717
-2.192885
-0.1812341
3.956849
-3.312579
1.494119
0.06518718
0.6180033
-1.005736
6.644668
0.4523895
-5.43802
-4.126872
1.677036
-0.5961125
-2.39198
5.934514
-2.398458
3.835379
-1.749492
2.988401
-2.397717
-2.712784
-2.330095
0.1632446
-2.731464
-0.6774156
-0.4249899
-0.7625005
-4.369854
-1.653613
-6.569147
-3.214797
0.9657573
-1.050688
1.941901
-1.814528
-7.027436
0.1729465
0.0225961
-1.697153
6.374529
2.530873
1.297338
-2.9942
-0.7041436
-1.365656
3.273506
5.808456
-1.811491
1.379235
0.6715419
-3.184677
3.464799
9.833596
-2.436737
-3.884282
-0.6102861
-0.9708296
-5.406244
-2.220828
4.305685
2.274455
-1.894797
0.08336852
6.865605
3.905888
-4.930425
6.430195
3.933696
0.1285508
7.931392
3.484653
8.888156
2.805485
-2.400412
2.923548
8.049367
0.304217
4.44005
3.734179
3.597905
1.581678
-4.535542
0.1451245
-1.947029
-5.718359
2.810951
-3.007857
3.664805
-0.4854096
-2.959511
-2.339511
2.802002
-5.83681
0.7221998
-3.765326
-3.37846
6.89051
3.776827
5.345681
-2.053103
2.711839
-0.208177
2.102789
0.4889229
2.592576
1.786816
2.894557
7.452074
1.586347
-2.876081
2.088402
1.116652
0.6725873
2.163561
-0.1499801
1.098106
3.253314
-3.087098
-0.5654149
-3.328216
0.447809
-2.916782
0.2873416
2.71994
6.108477
4.268266
5.517302
-6.656406
-3.422548
0.6185311
0.2243124
1.682646
2.462554
-2.520115
3.002746
3.012563
5.715569
-0.024017
5.252803
-4.18893
-1.017778
-2.450255
-2.532124
-0.9759961
-1.315002
-8.061839
-1.495586
7.861947
2.47824
-0.4054989
2.776632
-1.868995
-4.922256
2.012897
6.225666
1.67554
-2.13366
6.168054
1.945056
6.743087
1.860512
0.2670309
-5.184984
-1.319564
2.416711
4.095081
3.140169
-7.730136
0.527029
-1.641526
1.377594
3.544871
-0.1353085
-0.4045384
5.955531
-8.893026
-1.262659
-5.446387
1.385119
-1.412976
8.351604
-3.249606
-3.718105
-5.154527
5.0546
3.368399
0.9818139
1.035122
-0.062838
-0.5371504
5.19964
0.09726187
2.347738
2.138005
-0.2359319
-3.142468
4.339653
3.858638
8.624311
6.502961
0.5019985
1.075743
-0.1258201
-2.561382
-0.1009717
-0.4382966
-0.2542506
-0.520815
-3.048659
-1.758124
-0.6268806
2.234599
-1.110155
0.8387085
-2.96394
-1.108627
2.62232
0.7475557
2.253955
-1.519318
-3.161809
7.392942
5.594317
3.931171
4.011765
-4.176423
2.526209
6.321795
7.010574
0.4316158
7.830033
4.057776
3.300811
-5.554574
2.089095
6.794678
0.9532867
-2.590631
1.561662
-1.17246
-0.06043245
-1.567707
1.318121
0.02384837
-4.254897
1.305734
0.9778497
-7.134834
0.9967881
5.028828
3.891985
2.914177
-0.2310498
-0.274693
-1.116101
-2.772455
3.760448
2.118985
1.627045
-0.1341664
-4.713983
-7.421668
3.292244
-3.641394
2.013337
-0.823524
-6.078546
0.7448366
-3.46014
-3.23306
7.92024
4.269014
-3.533579
-0.1829664
10.31749
-1.426979
-2.667074
3.409383
-3.050283
1.27896
-3.611431
-4.17196
6.696383
-0.7684411
-0.7177122
0.9734225
5.321682
10.31984
-2.062044
-3.215936
11.06304
-2.908747
-1.860183
2.226199
4.758892
4.704858
1.607763
-2.018192
0.2052792
-0.4002962
-2.907936
2.702338
1.566684
4.967574
-3.551431
0.2886087
1.523957
-1.633046
0.5558065
-1.961349
-0.4475169
-2.467068
8.684487
-2.620035
0.711881
-1.271405
-3.067676
-0.9349093
3.579364
0.6705381
-0.6721627
-9.76899
-0.06559758
-1.342208
-0.4776161
-1.916772
-4.614601
-1.888393
-3.783763
2.787301
2.557508
5.56173
0.315189
-1.381083
-4.061618
-0.7471426
-1.427113
5.779746
1.645206
-0.6090657
-3.199963
-2.691367
0.1965177
-0.06512416
-4.414947
-2.668966
2.236746
-6.241329
1.511693
0.01119771
-1.248444
1.262014
-1.323682
-0.057451
-1.996045
2.606353
2.287515
-2.135946
3.490486
-3.050928
0.1597621
-0.3704055
-4.299209
5.954357
-3.776667
-2.544449
-0.2215237
-0.1761828
2.471897
-0.090111
-2.158298
-0.216502
-1.876147
-0.5026614
-5.968341
-3.483163
-3.716847
-2.639392
1.847275
5.234984
1.247169
5.871631
-1.050805
3.675539
-1.171519
4.355799
1.889663
3.782857
-0.3448608
0.2688888
-3.666872
-3.578285
4.900366
9.423835
-1.040705
0.6101992
4.427112
3.314457
1.656368
3.965219
-4.178052
-0.7950236
2.720049
-3.997573
7.047754
-0.4324149
0.5828785
-0.3158268
3.800271
2.404981
6.024498
1.200485
5.240524
-0.7757483
1.142153
0.4846293
-2.630135
-1.549949
-0.729646
-1.256421
2.334905
-4.850391
4.515112
-1.931454
0.3882437
3.836978
3.179806
0.6148907
-5.060539
2.28646
1.113282
3.305219
1.630693
-4.756986
-0.3531867
2.846831
3.766808
-2.548901
-6.291467
-0.4905601
-3.514548
-1.864437
3.941318
-2.194996
7.03656
-6.032854
-6.475806
4.148058
-2.326455
-0.7616729
5.157624
1.351371
-0.07897755
-0.5614007
5.026208
2.257705
-4.836189
5.65802
1.840735
1.838662
5.321849
0.8316259
-2.239621
6.183984
-4.243908
0.7537194
2.183403
-5.544311
-0.2314665
2.323775
-5.461658
1.39573
-2.330184
-0.8399689
-0.7285441
-7.368563
-0.3603055
2.506548
-0.430419
-1.159342
2.967618
-3.452406
-0.475708
-2.210745
-1.806016
-6.477011
-4.433578
2.739626
-7.781321
3.347948
-4.255818
3.073372
0.8251738
-1.978856
5.9371
-0.537379
0.2822122
3.676463
1.652005
-3.058164
2.760413
-4.913935
0.5454313
-4.00767
-1.883089
1.023599
-2.409809
0.6002359
-6.87538
-0.5601046
1.976453
0.2209262
2.676619
4.487487
-1.41524
0.866109
1.676955
-2.578016
1.854119
-2.21651
-5.824195
-2.201061
-8.466018
-0.4460435
4.364321
-0.9384917
3.571375
2.741996
3.926354
-0.6740605
2.526002
2.304477
2.174016
3.098529
0.04204
6.31796
0.4111018
-5.409745
3.100349
1.595053
-3.388226
-0.2873981
-0.6732434
-0.895673
-0.7089835
9.783053
-3.353272
-4.393076
6.711947
6.157236
-6.807051
-3.748536
0.1376033
6.077162
-2.54586
-4.390672
-1.699447
3.015316
6.587703
6.046575
-0.1312642
-0.4227593
3.267065
1.288924
4.350399
-1.119751
-0.399339
3.083852
4.589125
3.729149
1.412224
4.5572
4.785187
0.8142239
-1.942912
-4.275336
2.035777
2.680787
2.452551
6.373662
-8.288253
-3.467416
4.29755
-3.078948
-1.423128
3.006865
-1.915315
-2.32567
3.196558
-3.55813
0.4005642
-5.510118
0.01602549
-0.2328565
5.763605
4.227254
5.241935
-13.15194
2.012477
1.398654
-7.813388
4.34976
3.569525
9.214222
3.368124
-8.7773
3.990354
5.799023
5.056705
2.741308
5.082706
6.750954
-3.104967
3.294746
1.594968
2.420435
-2.839461
2.268351
1.058845
1.067923
-4.427176
0.6890945
5.101692
-0.5736935
10.31693
0.9936768
-5.615017
3.295866
-1.32498
-2.553233
-2.194146
3.187177
1.733592
3.000356
-3.138652
-5.319873
-3.071498
-0.6833134
-2.521456
4.698699
-1.861534
0.6731732
-2.497202
-1.473422
8.41211
4.659065
7.453474
0.5112375
-1.980876
-1.599485
-4.79212
2.661216
3.814038
-1.352718
3.832395
3.215874
-1.080283
-0.084032
-3.231203
-4.473544
-0.4083224
-0.267182
0.3038755
-0.469564
1.893474
2.36166
4.878518
2.874068
3.333494
-3.635879
2.290825
0.4014558
-4.721411
4.774628
-0.050085
-1.304667
1.964992
6.515947
4.068595
-2.801886
2.104037
-0.2075158
1.61259
1.214221
2.78674
-2.330378
-5.571621
1.906083
-3.006829
-3.157021
-1.15681
-0.7700097
4.966292
-3.156975
-0.291618
-2.71144
-0.1185688
1.586028
1.977218
4.379677
1.482347
1.198028
0.6585317
-5.949561
-0.8671755
1.402584
3.836802
-2.663106
-7.514019
1.067069
-3.011773
5.276436
2.15116
6.395064
-5.795984
-3.132841
-0.5361256
-6.356449
-5.462153
-1.273051
2.73685
-3.877816
-3.375392
4.882492
-1.777567
2.103742
-1.883094
5.474617
-1.172596
1.337631
7.096592
-3.922948
0.3455025
-7.960598
5.043602
2.943298
6.212461
4.615783
-1.741125
-4.530027
-3.14515
1.099001
4.212049
5.314293
2.32832
4.793058
-2.786409
-4.460368
-2.373896
1.582155
-3.324792
-3.315235
-2.869478
4.927925
-0.5495553
2.801038
0.571703
4.421177
-2.408751
-11.21953
-4.365594
4.235019
2.507204
1.143738
